0.000000000000000000e+00 2.383361565020758188e-01
1.001001001001000992e-02 4.321798664579712401e-01
2.002002002002001985e-02 2.370489386171373281e-01
3.003003003003002977e-02 7.363960818111046081e-01
4.004004004004003969e-02 2.579116933576214521e+00
5.005005005005004615e-02 2.979106598208472456e-01
6.006006006006005954e-02 3.648565809304198826e+00
7.007007007007007293e-02 6.746333444790810763e-01
8.008008008008007939e-02 2.975564239538084355e+00
9.009009009009008584e-02 2.274394022483124722e+00
1.001001001001000923e-01 1.651128090052420005e-01
1.101101101101101126e-01 7.133552538654830411e-04
1.201201201201201191e-01 3.263342456219071597e-01
1.301301301301301394e-01 1.620234656963708719e+00
1.401401401401401459e-01 2.321082708454178245e-01
1.501501501501501523e-01 2.677994391723240164e-01
1.601601601601601588e-01 8.475271535611488272e-01
1.701701701701701652e-01 2.309903564358491312e+00
1.801801801801801717e-01 1.073516861059789669e-02
1.901901901901901781e-01 5.660986077504090996e-01
2.002002002002001846e-01 6.803735657127270020e-01
2.102102102102102188e-01 2.213827099831104372e-01
2.202202202202202252e-01 1.741408026735188630e-01
2.302302302302302317e-01 4.682957730088880277e-01
2.402402402402402382e-01 5.080919925754339150e-01
2.502502502502502724e-01 1.565730317116459706e-04
2.602602602602602788e-01 2.417458760860716538e+00
2.702702702702702853e-01 7.809444981078210724e-01
2.802802802802802917e-01 3.172726898394415684e-01
2.902902902902902982e-01 2.090179528422772659e+00
3.003003003003003046e-01 3.604140828121436802e-07
3.103103103103103111e-01 3.679289063922067671e-01
3.203203203203203175e-01 1.869920645772122691e+00
3.303303303303303240e-01 3.306600067148953159e-01
3.403403403403403304e-01 1.784254156758024124e+00
3.503503503503503369e-01 5.552502178987426262e-01
3.603603603603603434e-01 1.198421530536940782e+00
3.703703703703703498e-01 3.285292428077999927e-01
3.803803803803803563e-01 2.993252056901166025e+00
3.903903903903903627e-01 2.148387044432192514e-02
4.004004004004003692e-01 3.973569774815487524e-03
4.104104104104104311e-01 1.394708668283704878e+00
4.204204204204204376e-01 6.226602697955724297e-01
4.304304304304304440e-01 9.662057222913933430e-02
4.404404404404404505e-01 5.313165504725764904e-02
4.504504504504504570e-01 1.220050727592023820e+00
4.604604604604604634e-01 7.847702119062081927e+00
4.704704704704704699e-01 1.319644472368789012e+00
4.804804804804804763e-01 6.885096252864671973e-01
4.904904904904904828e-01 6.223719870108294083e-01
5.005005005005005447e-01 2.638785590791427271e+00
5.105105105105105512e-01 1.626069215548493263e+00
5.205205205205205576e-01 1.308590169124312697e+00
5.305305305305305641e-01 4.029525187110425954e-01
5.405405405405405705e-01 2.549331417694850277e+00
5.505505505505505770e-01 1.820600868539170358e+00
5.605605605605605835e-01 1.488455352447565883e+00
5.705705705705705899e-01 3.031592997753448926e-02
5.805805805805805964e-01 8.459804092670071551e-02
5.905905905905906028e-01 9.852914460816885045e-01
6.006006006006006093e-01 4.890931385612412363e+00
6.106106106106106157e-01 2.813686118409444159e-01
6.206206206206206222e-01 5.146937213119320287e-01
6.306306306306306286e-01 2.454317385207231972e+00
6.406406406406406351e-01 1.056037229138170108e+00
6.506506506506506415e-01 4.003270962904441066e-01
6.606606606606606480e-01 9.673756854390630489e-02
6.706706706706706544e-01 8.146801622042162960e-02
6.806806806806806609e-01 3.936680168153138926e+00
6.906906906906906674e-01 5.908774099592820406e+00
7.007007007007006738e-01 2.093560017370037496e+00
7.107107107107106803e-01 7.659560483930595076e+00
7.207207207207206867e-01 1.835271529669225465e+00
7.307307307307306932e-01 2.296066385174103885e+00
7.407407407407406996e-01 3.188700434242638160e+00
7.507507507507507061e-01 8.589242737194600963e+00
7.607607607607607125e-01 2.423825108793849492e-01
7.707707707707707190e-01 2.202045512805706373e+00
7.807807807807807254e-01 7.518943242682089023e-01
7.907907907907907319e-01 2.006533738314264959e+00
8.008008008008007383e-01 3.046437915679298225e+00
8.108108108108108558e-01 2.738829619477080257e+00
8.208208208208208623e-01 1.033534380270379138e+00
8.308308308308308687e-01 4.246833330083084945e+00
8.408408408408408752e-01 1.083410524981994749e+00
8.508508508508508816e-01 4.178319793319282383e+00
8.608608608608608881e-01 5.806921575240996169e+00
8.708708708708708945e-01 1.071014985699636712e+00
8.808808808808809010e-01 3.695077141600301207e+00
8.908908908908909074e-01 4.253544175612327116e-01
9.009009009009009139e-01 1.790723825987467599e+00
9.109109109109109204e-01 1.626005543600417491e+00
9.209209209209209268e-01 6.219027271911000909e+00
9.309309309309309333e-01 7.175935447486067709e+00
9.409409409409409397e-01 3.755726517190652203e+00
9.509509509509509462e-01 9.262006295276254519e+00
9.609609609609609526e-01 2.050077308026283873e+01
9.709709709709709591e-01 1.406805456383873221e+00
9.809809809809809655e-01 3.363422566626552257e+00
9.909909909909909720e-01 4.635863228880378273e+00
1.001001001001001089e+00 1.590835722431014343e+00
1.011011011011011096e+00 2.209515049453301572e+00
1.021021021021021102e+00 5.220437655391604537e+00
1.031031031031031109e+00 1.555517088362711320e+01
1.041041041041041115e+00 1.223330308151743040e+00
1.051051051051051122e+00 1.266563958027321846e+01
1.061061061061061128e+00 3.322475739275472795e-01
1.071071071071071135e+00 8.104112621748582157e+00
1.081081081081081141e+00 1.229710540169651978e+01
1.091091091091091148e+00 7.763588790451124710e-01
1.101101101101101154e+00 1.303563706657823102e-06
1.111111111111111160e+00 9.625416336120926175e+00
1.121121121121121167e+00 9.574455378964652041e+00
1.131131131131131173e+00 4.552962268489695319e+00
1.141141141141141180e+00 3.405725794896315328e+00
1.151151151151151186e+00 5.380558861920663460e+00
1.161161161161161193e+00 2.687723567673473424e-01
1.171171171171171199e+00 7.502017070188589543e+00
1.181181181181181206e+00 7.013495099623160201e+00
1.191191191191191212e+00 3.343565555003936485e+00
1.201201201201201219e+00 2.329297003973749280e+00
1.211211211211211225e+00 2.557939436638312913e-01
1.221221221221221231e+00 1.018297317152148551e+00
1.231231231231231238e+00 4.966253675297681802e+00
1.241241241241241244e+00 2.114007665172888295e+00
1.251251251251251251e+00 8.149725026905404235e+00
1.261261261261261257e+00 5.002149188227985377e+00
1.271271271271271264e+00 7.252551540498057392e+00
1.281281281281281270e+00 3.802537849367479073e+00
1.291291291291291277e+00 2.134526797708494428e+01
1.301301301301301283e+00 1.480857540462327648e+01
1.311311311311311290e+00 1.839775645814775373e+01
1.321321321321321296e+00 2.377022479629841811e+00
1.331331331331331302e+00 9.615777853061963754e+00
1.341341341341341309e+00 5.220500146961029486e+00
1.351351351351351315e+00 6.916639920690887955e+00
1.361361361361361322e+00 1.476305616245852192e+01
1.371371371371371328e+00 5.512468644926448391e+00
1.381381381381381335e+00 2.868829155321522162e+00
1.391391391391391341e+00 9.273953239199050458e+00
1.401401401401401348e+00 5.123699651264542076e+00
1.411411411411411354e+00 5.369373310940134481e+00
1.421421421421421361e+00 9.999378783636196033e+00
1.431431431431431367e+00 1.507343649335651392e+01
1.441441441441441373e+00 6.284056932105206883e+00
1.451451451451451380e+00 1.874853558925758890e+01
1.461461461461461386e+00 1.635373293665611882e+01
1.471471471471471393e+00 1.653691207057475054e+01
1.481481481481481399e+00 1.792225739068355850e+01
1.491491491491491406e+00 6.698694244444758361e+00
1.501501501501501412e+00 3.276569958450329612e+00
1.511511511511511419e+00 8.495141666352717280e+00
1.521521521521521425e+00 2.727683046106847531e+00
1.531531531531531432e+00 6.369159427108505689e+00
1.541541541541541438e+00 1.798501400914561188e+01
1.551551551551551444e+00 1.599057479904245227e+01
1.561561561561561451e+00 9.033449277793211607e+00
1.571571571571571457e+00 4.430306692426704274e+00
1.581581581581581464e+00 2.290364510881159177e+01
1.591591591591591470e+00 1.135384705281588680e+01
1.601601601601601477e+00 8.460353097999272265e+00
1.611611611611611705e+00 4.957794570584531435e+00
1.621621621621621712e+00 4.409967851281600737e+00
1.631631631631631718e+00 1.928188813880325725e+01
1.641641641641641725e+00 2.757226596376078476e+01
1.651651651651651731e+00 1.963364021897281875e+00
1.661661661661661737e+00 1.407295476877031781e+01
1.671671671671671744e+00 1.759337896253245148e+01
1.681681681681681750e+00 5.246109250533202761e+00
1.691691691691691757e+00 3.228552793723312053e+00
1.701701701701701763e+00 2.524097921195226490e+01
1.711711711711711770e+00 6.118529896375997978e+00
1.721721721721721776e+00 8.406626046847787137e+00
1.731731731731731783e+00 2.512784860589761848e+01
1.741741741741741789e+00 8.812291467550094737e+00
1.751751751751751796e+00 3.016798647142635303e+01
1.761761761761761802e+00 8.001766733653328245e-01
1.771771771771771808e+00 9.152642223137805289e+00
1.781781781781781815e+00 1.853108262258830408e+01
1.791791791791791821e+00 2.340577032064184948e+01
1.801801801801801828e+00 1.826479608816222111e+01
1.811811811811811834e+00 1.915346782029174832e+01
1.821821821821821841e+00 8.323130160416830847e+00
1.831831831831831847e+00 6.351669390837548335e+00
1.841841841841841854e+00 1.595568037064946409e+01
1.851851851851851860e+00 1.349558633020468612e+01
1.861861861861861867e+00 1.469410954327016583e+01
1.871871871871871873e+00 2.405554096810611497e+00
1.881881881881881879e+00 1.826679691048462928e+01
1.891891891891891886e+00 4.529993712913616122e+01
1.901901901901901892e+00 1.307863095934921560e+01
1.911911911911911899e+00 6.983742739449075643e+00
1.921921921921921905e+00 8.650929432831530264e+00
1.931931931931931912e+00 1.184238093796804314e+01
1.941941941941941918e+00 2.106702323519102293e+01
1.951951951951951925e+00 1.486178423718863684e+01
1.961961961961961931e+00 4.839498118341241550e+00
1.971971971971971938e+00 4.770455081014069343e+00
1.981981981981981944e+00 2.666124680049204088e+01
1.991991991991991950e+00 1.581566566358810810e+01
2.002002002002002179e+00 5.095712271541653848e+00
2.012012012012012185e+00 1.159591405441787693e+01
2.022022022022022192e+00 1.550723038323849678e+01
2.032032032032032198e+00 8.144738097446079905e+00
2.042042042042042205e+00 9.391182105092008570e+00
2.052052052052052211e+00 8.184406655593111424e+00
2.062062062062062218e+00 2.538440586433106461e+01
2.072072072072072224e+00 1.248349783554967551e+01
2.082082082082082231e+00 6.112007435019414459e+00
2.092092092092092237e+00 5.997654816644104159e+00
2.102102102102102243e+00 1.505515126392256597e+01
2.112112112112112250e+00 1.291170112692923411e+01
2.122122122122122256e+00 2.920981390356966401e+01
2.132132132132132263e+00 8.467848003733598361e+00
2.142142142142142269e+00 1.044911333638539652e+01
2.152152152152152276e+00 3.179195002455334418e+01
2.162162162162162282e+00 1.178415851809444881e+01
2.172172172172172289e+00 1.882422325863754509e+01
2.182182182182182295e+00 1.949660064140377003e+01
2.192192192192192302e+00 1.326546276444942052e+01
2.202202202202202308e+00 1.731950202147370987e+01
2.212212212212212314e+00 2.747544476960374027e+01
2.222222222222222321e+00 1.372007957835645087e+01
2.232232232232232327e+00 1.045483592446073651e+01
2.242242242242242334e+00 2.467762613131823457e+01
2.252252252252252340e+00 6.683751959860022573e+00
2.262262262262262347e+00 2.590803037373503059e+01
2.272272272272272353e+00 1.626502542652503536e+01
2.282282282282282360e+00 1.323004411242748546e+01
2.292292292292292366e+00 1.967542885026551502e+01
2.302302302302302373e+00 2.605151202996930948e+01
2.312312312312312379e+00 8.922400505920444758e+00
2.322322322322322385e+00 2.109559672778269501e+01
2.332332332332332392e+00 1.794856485598005236e+01
2.342342342342342398e+00 2.685820966191608861e+01
2.352352352352352405e+00 4.198208938853552041e+01
2.362362362362362411e+00 3.131958629919927262e+01
2.372372372372372418e+00 2.396077617263719262e+01
2.382382382382382424e+00 2.762182313497276454e+01
2.392392392392392431e+00 2.013690869208604184e+01
2.402402402402402437e+00 3.714894081867455355e+01
2.412412412412412444e+00 2.321401008719455206e+01
2.422422422422422450e+00 9.185789880320957224e+00
2.432432432432432456e+00 2.415677786009770855e+01
2.442442442442442463e+00 3.519033829150941983e+01
2.452452452452452469e+00 3.221397120732019914e+01
2.462462462462462476e+00 1.472145299247959116e+01
2.472472472472472482e+00 2.319296575653695669e+01
2.482482482482482489e+00 3.597877441999114723e+01
2.492492492492492495e+00 4.106650866628130814e+01
2.502502502502502502e+00 2.914383456209955270e+01
2.512512512512512508e+00 3.429020325527567081e+01
2.522522522522522515e+00 1.922478626675301072e+01
2.532532532532532521e+00 9.168243902516580945e+00
2.542542542542542527e+00 2.519220797016461333e+01
2.552552552552552534e+00 2.378710020961881710e+01
2.562562562562562540e+00 3.091605975429554576e+01
2.572572572572572547e+00 1.403338640150568040e+01
2.582582582582582553e+00 3.355278676590580034e+01
2.592592592592592560e+00 4.153417636526867796e+01
2.602602602602602566e+00 1.570778071327826098e+01
2.612612612612612573e+00 4.293407600926834533e+01
2.622622622622622579e+00 2.946838777246632901e+01
2.632632632632632586e+00 4.310321840289513773e+01
2.642642642642642592e+00 3.392445724056582890e+01
2.652652652652652598e+00 2.816938955111144693e+01
2.662662662662662605e+00 2.145763998791556304e+01
2.672672672672672611e+00 3.319773656548991170e+01
2.682682682682682618e+00 2.598718935890735793e+01
2.692692692692692624e+00 2.827502443615052030e+01
2.702702702702702631e+00 1.677181307100064345e+01
2.712712712712712637e+00 3.263456766756141292e+01
2.722722722722722644e+00 9.414918904227167928e+00
2.732732732732732650e+00 2.028915574235794850e+01
2.742742742742742657e+00 5.454333022161482347e+01
2.752752752752752663e+00 3.876338943880589483e+01
2.762762762762762669e+00 2.998512193138503079e+01
2.772772772772772676e+00 5.401811602765242526e+01
2.782782782782782682e+00 2.472192447290856521e+01
2.792792792792792689e+00 2.177974581659061215e+01
2.802802802802802695e+00 2.361427885925081682e+01
2.812812812812812702e+00 4.598550191488266847e+01
2.822822822822822708e+00 2.965139960777929673e+01
2.832832832832832715e+00 3.383581617479327264e+01
2.842842842842842721e+00 4.326262273593979302e+01
2.852852852852852727e+00 3.333634709586399936e+01
2.862862862862862734e+00 1.838954954603068970e+01
2.872872872872872740e+00 2.822920115372912520e+01
2.882882882882882747e+00 1.836801780664501393e+01
2.892892892892892753e+00 2.190848463818673153e+01
2.902902902902902760e+00 2.634051713977812881e+01
2.912912912912912766e+00 5.142228807055287376e+01
2.922922922922922773e+00 3.922545170513446777e+01
2.932932932932932779e+00 2.611993553077109453e+01
2.942942942942942786e+00 2.287730488167914089e+01
2.952952952952952792e+00 2.444445342141272448e+01
2.962962962962962798e+00 3.527991472886563429e+01
2.972972972972972805e+00 3.901352346855676956e+01
2.982982982982982811e+00 2.362281999823717982e+01
2.992992992992992818e+00 3.826467781008497582e+01
3.003003003003002824e+00 3.562323830258144852e+01
3.013013013013012831e+00 3.773802455776977638e+01
3.023023023023022837e+00 3.669034926553808873e+01
3.033033033033032844e+00 4.400475372393162132e+01
3.043043043043042850e+00 1.547680190233660369e+01
3.053053053053052857e+00 2.042625563232460806e+01
3.063063063063062863e+00 2.285951522371420097e+01
3.073073073073072869e+00 4.603777275385009204e+01
3.083083083083082876e+00 6.027506782697459897e+01
3.093093093093092882e+00 4.558478336832679645e+01
3.103103103103102889e+00 4.339258675365298501e+01
3.113113113113112895e+00 3.373838416599948431e+01
3.123123123123122902e+00 3.299985471501047130e+01
3.133133133133132908e+00 3.730288598777239173e+01
3.143143143143142915e+00 4.709629686355915368e+01
3.153153153153152921e+00 4.754820441210000581e+01
3.163163163163162928e+00 1.607264596512556309e+01
3.173173173173172934e+00 3.828356146070454002e+01
3.183183183183182940e+00 1.956762084494555864e+01
3.193193193193192947e+00 4.858859198286190662e+01
3.203203203203202953e+00 4.871206491996721866e+01
3.213213213213213404e+00 3.539370469990461032e+01
3.223223223223223410e+00 4.308073683298781020e+01
3.233233233233233417e+00 3.443720597107321879e+01
3.243243243243243423e+00 2.686000501001593932e+01
3.253253253253253430e+00 5.624638409015338425e+01
3.263263263263263436e+00 4.158517651788547198e+01
3.273273273273273443e+00 5.820895158730623109e+01
3.283283283283283449e+00 2.969975978291959606e+01
3.293293293293293456e+00 4.567377389421857004e+01
3.303303303303303462e+00 5.685660075553562365e+01
3.313313313313313468e+00 2.296702299306638295e+01
3.323323323323323475e+00 5.240808238563522536e+01
3.333333333333333481e+00 5.439410380125949729e+01
3.343343343343343488e+00 4.109863109400423298e+01
3.353353353353353494e+00 3.410249625497608861e+01
3.363363363363363501e+00 4.447763401999324628e+01
3.373373373373373507e+00 6.853122589355768923e+01
3.383383383383383514e+00 5.530737338900074462e+01
3.393393393393393520e+00 3.601048944862823475e+01
3.403403403403403527e+00 5.576209615323105595e+01
3.413413413413413533e+00 3.428813690495134381e+01
3.423423423423423539e+00 4.758650930792193634e+01
3.433433433433433546e+00 6.443853325541898869e+01
3.443443443443443552e+00 2.588191192123996487e+01
3.453453453453453559e+00 6.973735856535654420e+01
3.463463463463463565e+00 7.423484517241062974e+01
3.473473473473473572e+00 4.217166644167277667e+01
3.483483483483483578e+00 4.090072604468820572e+01
3.493493493493493585e+00 3.553065631578974148e+01
3.503503503503503591e+00 4.275183400954135493e+01
3.513513513513513598e+00 4.260744756164432800e+01
3.523523523523523604e+00 4.885702405081799782e+01
3.533533533533533610e+00 5.061295986242787848e+01
3.543543543543543617e+00 6.934634530161187627e+01
3.553553553553553623e+00 5.324727217968698056e+01
3.563563563563563630e+00 4.303074412808356897e+01
3.573573573573573636e+00 4.115342941153065226e+01
3.583583583583583643e+00 6.539582394901381690e+01
3.593593593593593649e+00 5.292238473838624202e+01
3.603603603603603656e+00 4.314456179370584010e+01
3.613613613613613662e+00 4.587829214940755662e+01
3.623623623623623669e+00 6.317248601509425043e+01
3.633633633633633675e+00 4.421393871477280157e+01
3.643643643643643681e+00 3.603846840754231806e+01
3.653653653653653688e+00 9.711932546787924991e+01
3.663663663663663694e+00 7.717557932095540707e+01
3.673673673673673701e+00 7.567635953321742193e+01
3.683683683683683707e+00 4.487258547333457415e+01
3.693693693693693714e+00 6.286603694759207883e+01
3.703703703703703720e+00 7.065438409185793489e+01
3.713713713713713727e+00 3.048374978014446057e+01
3.723723723723723733e+00 6.786709273903318262e+01
3.733733733733733740e+00 5.672646781738438193e+01
3.743743743743743746e+00 7.394807396028036806e+01
3.753753753753753752e+00 7.329696077842847046e+01
3.763763763763763759e+00 6.978393344814108445e+01
3.773773773773773765e+00 6.209799394409844808e+01
3.783783783783783772e+00 4.225781686576051754e+01
3.793793793793793778e+00 7.753762233381866054e+01
3.803803803803803785e+00 9.705779068804713461e+01
3.813813813813813791e+00 4.836505773704482181e+01
3.823823823823823798e+00 4.625976299061976960e+01
3.833833833833833804e+00 9.571602515186356186e+01
3.843843843843843811e+00 6.126002953995197231e+01
3.853853853853853817e+00 6.015094013674212903e+01
3.863863863863863823e+00 8.569430280595882721e+01
3.873873873873873830e+00 6.797995725052518878e+01
3.883883883883883836e+00 6.398678886074513628e+01
3.893893893893893843e+00 7.158110460093045901e+01
3.903903903903903849e+00 5.708945647145601754e+01
3.913913913913913856e+00 5.661025192538456707e+01
3.923923923923923862e+00 6.479924633683809532e+01
3.933933933933933869e+00 8.187987554892103503e+01
3.943943943943943875e+00 6.121781508538493455e+01
3.953953953953953881e+00 5.903323339138695047e+01
3.963963963963963888e+00 6.881701822357766218e+01
3.973973973973973894e+00 8.876051297033188803e+01
3.983983983983983901e+00 3.755967000721430793e+01
3.993993993993993907e+00 6.145977035914619790e+01
4.004004004004004358e+00 6.651125226873848817e+01
4.014014014014014364e+00 7.670031831443306203e+01
4.024024024024024371e+00 7.432848981036873681e+01
4.034034034034034377e+00 6.772242495505737736e+01
4.044044044044044384e+00 6.758303568926105243e+01
4.054054054054054390e+00 6.096935406419830628e+01
4.064064064064064397e+00 7.282732021887646567e+01
4.074074074074074403e+00 8.425602397135570243e+01
4.084084084084084409e+00 6.422162682993108263e+01
4.094094094094094416e+00 6.468442342078330398e+01
4.104104104104104422e+00 5.931997179184566704e+01
4.114114114114114429e+00 4.786628428629074961e+01
4.124124124124124435e+00 5.333717650661224496e+01
4.134134134134134442e+00 5.302751859170584225e+01
4.144144144144144448e+00 8.846127338041681298e+01
4.154154154154154455e+00 6.341430369166543812e+01
4.164164164164164461e+00 4.753750502825523938e+01
4.174174174174174468e+00 1.150670834271938077e+02
4.184184184184184474e+00 8.544028290920505242e+01
4.194194194194194480e+00 7.270478952170672926e+01
4.204204204204204487e+00 5.485306855779849400e+01
4.214214214214214493e+00 6.143266644781290609e+01
4.224224224224224500e+00 5.925127230534165079e+01
4.234234234234234506e+00 1.035783754075998928e+02
4.244244244244244513e+00 6.461429224839913843e+01
4.254254254254254519e+00 5.523634632732374428e+01
4.264264264264264526e+00 9.314898456821119055e+01
4.274274274274274532e+00 5.531562522616965794e+01
4.284284284284284539e+00 4.782683037221585209e+01
4.294294294294294545e+00 8.486705884692661073e+01
4.304304304304304551e+00 9.015811528483355630e+01
4.314314314314314558e+00 5.764183172383294362e+01
4.324324324324324564e+00 9.880451489580650559e+01
4.334334334334334571e+00 5.079181063899653026e+01
4.344344344344344577e+00 6.567569443339277768e+01
4.354354354354354584e+00 7.570441742821191156e+01
4.364364364364364590e+00 6.305946710176430514e+01
4.374374374374374597e+00 7.752523708777812317e+01
4.384384384384384603e+00 5.651042197986010507e+01
4.394394394394394610e+00 6.865700363867942713e+01
4.404404404404404616e+00 8.016651268484864090e+01
4.414414414414414622e+00 4.843771237945284014e+01
4.424424424424424629e+00 6.991857604890095956e+01
4.434434434434434635e+00 6.468781450116334497e+01
4.444444444444444642e+00 6.576079596042534092e+01
4.454454454454454648e+00 9.793747368710020851e+01
4.464464464464464655e+00 1.353222527572358160e+02
4.474474474474474661e+00 6.922890623563398549e+01
4.484484484484484668e+00 5.538187158480060646e+01
4.494494494494494674e+00 5.967164785931446858e+01
4.504504504504504681e+00 1.111022524839569314e+02
4.514514514514514687e+00 8.943170462578122226e+01
4.524524524524524693e+00 1.088678227009792039e+02
4.534534534534534700e+00 9.239150743301622981e+01
4.544544544544544706e+00 9.130376496646367457e+01
4.554554554554554713e+00 8.913784133796885101e+01
4.564564564564564719e+00 7.962325920226052745e+01
4.574574574574574726e+00 1.167621556406122352e+02
4.584584584584584732e+00 8.834691703900615778e+01
4.594594594594594739e+00 7.875978877990519322e+01
4.604604604604604745e+00 1.184788559572858162e+02
4.614614614614614752e+00 1.076393556518268610e+02
4.624624624624624758e+00 1.061217796594966529e+02
4.634634634634634764e+00 9.569132886388970860e+01
4.644644644644644771e+00 7.228112456235460570e+01
4.654654654654654777e+00 8.623959786939509797e+01
4.664664664664664784e+00 7.330960837564931865e+01
4.674674674674674790e+00 8.218028165174412436e+01
4.684684684684684797e+00 1.171035566031002730e+02
4.694694694694694803e+00 9.903674067312881846e+01
4.704704704704704810e+00 1.007227117721465106e+02
4.714714714714714816e+00 5.934053807417034676e+01
4.724724724724724823e+00 1.198673766299490779e+02
4.734734734734734829e+00 1.116233411642314053e+02
4.744744744744744835e+00 1.067242711240319579e+02
4.754754754754754842e+00 7.377893003527124449e+01
4.764764764764764848e+00 1.152296927327293048e+02
4.774774774774774855e+00 1.083369762781387351e+02
4.784784784784784861e+00 1.221440994868387975e+02
4.794794794794794868e+00 1.243245170884362238e+02
4.804804804804804874e+00 9.301920074582280051e+01
4.814814814814814881e+00 6.125450412298150837e+01
4.824824824824824887e+00 1.119265230796252695e+02
4.834834834834834894e+00 1.287984856571695786e+02
4.844844844844844900e+00 9.658108374177680844e+01
4.854854854854854906e+00 7.212910588350843000e+01
4.864864864864864913e+00 7.802401232637210171e+01
4.874874874874874919e+00 9.568362496731916167e+01
4.884884884884884926e+00 5.725219576052463566e+01
4.894894894894894932e+00 7.813586091113651833e+01
4.904904904904904939e+00 8.509818452585157900e+01
4.914914914914914945e+00 8.192672694452504345e+01
4.924924924924924952e+00 9.043071528136263737e+01
4.934934934934934958e+00 1.256875330155298656e+02
4.944944944944944965e+00 1.044830680799630329e+02
4.954954954954954971e+00 6.939725380415009681e+01
4.964964964964964977e+00 1.047278500995743542e+02
4.974974974974974984e+00 8.976072640631610966e+01
4.984984984984984990e+00 9.651864381750998234e+01
4.994994994994994997e+00 1.455146107154440358e+02
5.005005005005005003e+00 8.632896321384421867e+01
5.015015015015015010e+00 7.435021656981513161e+01
5.025025025025025016e+00 8.254027160216909920e+01
5.035035035035035023e+00 9.446659042603252487e+01
5.045045045045045029e+00 1.118022979293719175e+02
5.055055055055055035e+00 8.419720176080532781e+01
5.065065065065065042e+00 9.798459324077614951e+01
5.075075075075075048e+00 1.103608147373801671e+02
5.085085085085085055e+00 1.175344928348809788e+02
5.095095095095095061e+00 8.421282029691151649e+01
5.105105105105105068e+00 1.135429821558831947e+02
5.115115115115115074e+00 1.235213964941483056e+02
5.125125125125125081e+00 1.130944554852987523e+02
5.135135135135135087e+00 1.052945621181118980e+02
5.145145145145145094e+00 1.069571883115499844e+02
5.155155155155155100e+00 1.199443876221318277e+02
5.165165165165165106e+00 1.270678569656310231e+02
5.175175175175175113e+00 1.088894909713941956e+02
5.185185185185185119e+00 1.357840780244945051e+02
5.195195195195195126e+00 1.273614515976874628e+02
5.205205205205205132e+00 1.209335646144658654e+02
5.215215215215215139e+00 1.242904302134130745e+02
5.225225225225225145e+00 1.562750652174657375e+02
5.235235235235235152e+00 1.441292060776650317e+02
5.245245245245245158e+00 1.324527753261653515e+02
5.255255255255255165e+00 1.090545066981886606e+02
5.265265265265265171e+00 9.973030364428704786e+01
5.275275275275275177e+00 9.069422401499970476e+01
5.285285285285285184e+00 1.367774798067713107e+02
5.295295295295295190e+00 1.501390705739484019e+02
5.305305305305305197e+00 6.864087083458338157e+01
5.315315315315315203e+00 1.127938673172641728e+02
5.325325325325325210e+00 1.311798437502411048e+02
5.335335335335335216e+00 1.124280989715714156e+02
5.345345345345345223e+00 1.091926464302406004e+02
5.355355355355355229e+00 1.050075569146231373e+02
5.365365365365365236e+00 9.283481036773116557e+01
5.375375375375375242e+00 1.390960592249770116e+02
5.385385385385385248e+00 8.705222774431804567e+01
5.395395395395395255e+00 1.171377662956197696e+02
5.405405405405405261e+00 1.081468792935728516e+02
5.415415415415415268e+00 1.678381026632302166e+02
5.425425425425425274e+00 1.194477003312898802e+02
5.435435435435435281e+00 8.220942089588673696e+01
5.445445445445445287e+00 1.230033753571748179e+02
5.455455455455455294e+00 9.873083692098471431e+01
5.465465465465465300e+00 1.170619995062826604e+02
5.475475475475475307e+00 1.266137486444750380e+02
5.485485485485485313e+00 1.075848429633123544e+02
5.495495495495495319e+00 1.435903969677909515e+02
5.505505505505505326e+00 1.462241650940719637e+02
5.515515515515515332e+00 1.507035390191001056e+02
5.525525525525525339e+00 1.316280707271023402e+02
5.535535535535535345e+00 1.362971737374038526e+02
5.545545545545545352e+00 1.058766216951929096e+02
5.555555555555555358e+00 1.212115488782888377e+02
5.565565565565565365e+00 1.445432746605148395e+02
5.575575575575575371e+00 1.048502876355966862e+02
5.585585585585585378e+00 1.154667839094558985e+02
5.595595595595595384e+00 1.121702127240796472e+02
5.605605605605605390e+00 1.290773891133940765e+02
5.615615615615615397e+00 1.250217086239160693e+02
5.625625625625625403e+00 1.349056620097858001e+02
5.635635635635635410e+00 1.240551088084422275e+02
5.645645645645645416e+00 1.669016841720030015e+02
5.655655655655655423e+00 1.171976481911882217e+02
5.665665665665665429e+00 1.247645399290862116e+02
5.675675675675675436e+00 1.410631976455273104e+02
5.685685685685685442e+00 1.166858249788773634e+02
5.695695695695695449e+00 1.438881900319736928e+02
5.705705705705705455e+00 1.397540706528419605e+02
5.715715715715715461e+00 1.797023497192566595e+02
5.725725725725725468e+00 1.010632975511540224e+02
5.735735735735735474e+00 1.493613023678762204e+02
5.745745745745745481e+00 1.196089456581033659e+02
5.755755755755755487e+00 1.791591959890547798e+02
5.765765765765765494e+00 1.397840842168411939e+02
5.775775775775775500e+00 1.262718398817935963e+02
5.785785785785785507e+00 1.313105270962058171e+02
5.795795795795795513e+00 1.489761815381673671e+02
5.805805805805805520e+00 1.199072885365359298e+02
5.815815815815815526e+00 1.293426740900794414e+02
5.825825825825825532e+00 1.661731797898042942e+02
5.835835835835835539e+00 1.249906164175048673e+02
5.845845845845845545e+00 1.546112061302096379e+02
5.855855855855855552e+00 1.918978201796440146e+02
5.865865865865865558e+00 1.598796977869758393e+02
5.875875875875875565e+00 1.271090341932168997e+02
5.885885885885885571e+00 1.408586397620441346e+02
5.895895895895895578e+00 1.666657779408311910e+02
5.905905905905905584e+00 1.256708177620047309e+02
5.915915915915915591e+00 1.716178487277749696e+02
5.925925925925925597e+00 1.682924703940826703e+02
5.935935935935935603e+00 1.441679498899095506e+02
5.945945945945945610e+00 1.190582989160861302e+02
5.955955955955955616e+00 1.486647317487658029e+02
5.965965965965965623e+00 1.436602357172238840e+02
5.975975975975975629e+00 9.585505273299155249e+01
5.985985985985985636e+00 1.489838850074839058e+02
5.995995995995995642e+00 1.529865104898357231e+02
6.006006006006005649e+00 1.344366097689415653e+02
6.016016016016015655e+00 1.761834271065654320e+02
6.026026026026025662e+00 1.234240061072906798e+02
6.036036036036035668e+00 1.501799402010176721e+02
6.046046046046045674e+00 1.397909690547205912e+02
6.056056056056055681e+00 1.491283997936462526e+02
6.066066066066065687e+00 1.249711283948668523e+02
6.076076076076075694e+00 1.433097057111499453e+02
6.086086086086085700e+00 1.426141277162658696e+02
6.096096096096095707e+00 1.165730602918806227e+02
6.106106106106105713e+00 1.591165729919861747e+02
6.116116116116115720e+00 1.522690966137176076e+02
6.126126126126125726e+00 1.561818969168006959e+02
6.136136136136135732e+00 1.614668641479055964e+02
6.146146146146145739e+00 2.102540607041247824e+02
6.156156156156155745e+00 1.692369989594168089e+02
6.166166166166165752e+00 2.058813377601360344e+02
6.176176176176175758e+00 1.411369096458298600e+02
6.186186186186185765e+00 1.572956571756998869e+02
6.196196196196195771e+00 1.736053951112839400e+02
6.206206206206205778e+00 1.211972318556905606e+02
6.216216216216215784e+00 1.606362565821964097e+02
6.226226226226225791e+00 1.713052642257792684e+02
6.236236236236235797e+00 1.242518505086326144e+02
6.246246246246245803e+00 1.576696014600549631e+02
6.256256256256255810e+00 1.601010936114052470e+02
6.266266266266265816e+00 1.556913782360553000e+02
6.276276276276275823e+00 1.787363729716125533e+02
6.286286286286285829e+00 1.904662496039707378e+02
6.296296296296295836e+00 1.432565713673762673e+02
6.306306306306305842e+00 1.458494659878295465e+02
6.316316316316315849e+00 1.745853459269019083e+02
6.326326326326325855e+00 1.785351509959525345e+02
6.336336336336335862e+00 1.620901716348857349e+02
6.346346346346345868e+00 1.733446703550239647e+02
6.356356356356355874e+00 1.605517622188736482e+02
6.366366366366365881e+00 1.671767192430530429e+02
6.376376376376375887e+00 1.720256393434557651e+02
6.386386386386385894e+00 1.594650201406070380e+02
6.396396396396395900e+00 1.798926639160589787e+02
6.406406406406405907e+00 2.220391883279112051e+02
6.416416416416416801e+00 1.594506123527707757e+02
6.426426426426426808e+00 1.496862850515720424e+02
6.436436436436436814e+00 1.963414976683264399e+02
6.446446446446446821e+00 1.568266270858216558e+02
6.456456456456456827e+00 1.709072130888541494e+02
6.466466466466466834e+00 1.625619588725145945e+02
6.476476476476476840e+00 1.583686658318605396e+02
6.486486486486486847e+00 1.671171118911684914e+02
6.496496496496496853e+00 1.706251193217383673e+02
6.506506506506506859e+00 1.430685186438822427e+02
6.516516516516516866e+00 1.796004721037764114e+02
6.526526526526526872e+00 1.267309029672827165e+02
6.536536536536536879e+00 1.344186263085976236e+02
6.546546546546546885e+00 2.134650813517959591e+02
6.556556556556556892e+00 1.393766397751502382e+02
6.566566566566566898e+00 1.573642143270126041e+02
6.576576576576576905e+00 2.027365955467023184e+02
6.586586586586586911e+00 1.700740327117388233e+02
6.596596596596596918e+00 1.682377793847246892e+02
6.606606606606606924e+00 1.650739484960965626e+02
6.616616616616616930e+00 1.859519406907548955e+02
6.626626626626626937e+00 1.673921740047838966e+02
6.636636636636636943e+00 1.505886299122007017e+02
6.646646646646646950e+00 1.828617028858947151e+02
6.656656656656656956e+00 1.862995056766669109e+02
6.666666666666666963e+00 1.763760688273274013e+02
6.676676676676676969e+00 1.673847857384717770e+02
6.686686686686686976e+00 1.635375402118392572e+02
6.696696696696696982e+00 2.046878721742464222e+02
6.706706706706706989e+00 1.760657313475207388e+02
6.716716716716716995e+00 1.676606646985594011e+02
6.726726726726727001e+00 1.985622109258212902e+02
6.736736736736737008e+00 1.657854179013691862e+02
6.746746746746747014e+00 1.692295996885376610e+02
6.756756756756757021e+00 1.982608415280438408e+02
6.766766766766767027e+00 2.429090470698570243e+02
6.776776776776777034e+00 2.223286537398496137e+02
6.786786786786787040e+00 1.559395019575648575e+02
6.796796796796797047e+00 1.640035318970206788e+02
6.806806806806807053e+00 2.031078246020784377e+02
6.816816816816817060e+00 1.494528689310985783e+02
6.826826826826827066e+00 1.715965911042802645e+02
6.836836836836837072e+00 2.025196098669186426e+02
6.846846846846847079e+00 1.885232051177133030e+02
6.856856856856857085e+00 1.632249865227865655e+02
6.866866866866867092e+00 2.454245287482868036e+02
6.876876876876877098e+00 1.864963689555953863e+02
6.886886886886887105e+00 1.559362795918294182e+02
6.896896896896897111e+00 1.465062875818228747e+02
6.906906906906907118e+00 1.742892769707810601e+02
6.916916916916917124e+00 1.719196541519988841e+02
6.926926926926927131e+00 2.019205799633157881e+02
6.936936936936937137e+00 1.886011999194991802e+02
6.946946946946947143e+00 1.482131902291663152e+02
6.956956956956957150e+00 1.733799750346198607e+02
6.966966966966967156e+00 2.088711493330306155e+02
6.976976976976977163e+00 2.634699868650557733e+02
6.986986986986987169e+00 2.627705766011052333e+02
6.996996996996997176e+00 1.932154199500659502e+02
7.007007007007007182e+00 1.619814846117874652e+02
7.017017017017017189e+00 1.484973037996466019e+02
7.027027027027027195e+00 2.167968263102891910e+02
7.037037037037037202e+00 2.217050708197662914e+02
7.047047047047047208e+00 1.740373382806352538e+02
7.057057057057057214e+00 1.811382809993478133e+02
7.067067067067067221e+00 2.621467127670479726e+02
7.077077077077077227e+00 2.827445431503803093e+02
7.087087087087087234e+00 2.099873968203736183e+02
7.097097097097097240e+00 1.804561052161653834e+02
7.107107107107107247e+00 1.962596412113236113e+02
7.117117117117117253e+00 1.688346697310581703e+02
7.127127127127127260e+00 1.699061329366288646e+02
7.137137137137137266e+00 2.129935400965592294e+02
7.147147147147147273e+00 1.890311794189409511e+02
7.157157157157157279e+00 2.145770577963363053e+02
7.167167167167167285e+00 2.019746117969658883e+02
7.177177177177177292e+00 1.852863067841170448e+02
7.187187187187187298e+00 2.176671427565303816e+02
7.197197197197197305e+00 2.181713326102639314e+02
7.207207207207207311e+00 2.366675928792923855e+02
7.217217217217217318e+00 2.528861572222699863e+02
7.227227227227227324e+00 2.944424593062297504e+02
7.237237237237237331e+00 2.433505627691548341e+02
7.247247247247247337e+00 2.066291048212388830e+02
7.257257257257257343e+00 3.031609815919575226e+02
7.267267267267267350e+00 2.516675670503707920e+02
7.277277277277277356e+00 2.303744147633942418e+02
7.287287287287287363e+00 2.169966033187410233e+02
7.297297297297297369e+00 1.937261326927589380e+02
7.307307307307307376e+00 2.723779638396194969e+02
7.317317317317317382e+00 2.268097659632193199e+02
7.327327327327327389e+00 1.928234228969153037e+02
7.337337337337337395e+00 2.079470683010266612e+02
7.347347347347347402e+00 2.171324235620053287e+02
7.357357357357357408e+00 1.815083028450682150e+02
7.367367367367367414e+00 2.066989357181368234e+02
7.377377377377377421e+00 1.886313142248602617e+02
7.387387387387387427e+00 2.263443971826324344e+02
7.397397397397397434e+00 1.899573219948968585e+02
7.407407407407407440e+00 2.333221632935256480e+02
7.417417417417417447e+00 1.515614106047659675e+02
7.427427427427427453e+00 2.766531843914345927e+02
7.437437437437437460e+00 1.878586842844175067e+02
7.447447447447447466e+00 1.894219509168285356e+02
7.457457457457457473e+00 2.220532485490944623e+02
7.467467467467467479e+00 2.223675204416904023e+02
7.477477477477477485e+00 2.513729823657261022e+02
7.487487487487487492e+00 2.004882973797421641e+02
7.497497497497497498e+00 2.595248115871170285e+02
7.507507507507507505e+00 1.902990906229585448e+02
7.517517517517517511e+00 2.345924409768039993e+02
7.527527527527527518e+00 2.532693774394585944e+02
7.537537537537537524e+00 2.436537643215054914e+02
7.547547547547547531e+00 2.049111058007855775e+02
7.557557557557557537e+00 2.109736802830524027e+02
7.567567567567567544e+00 2.846686046486317423e+02
7.577577577577577550e+00 2.404324448302674568e+02
7.587587587587587556e+00 2.124312744800846247e+02
7.597597597597597563e+00 2.391126736586618335e+02
7.607607607607607569e+00 2.150790796268993006e+02
7.617617617617617576e+00 2.137457694829496972e+02
7.627627627627627582e+00 2.361264538340357433e+02
7.637637637637637589e+00 2.319270324141938033e+02
7.647647647647647595e+00 3.424638391026321642e+02
7.657657657657657602e+00 2.296395888949855077e+02
7.667667667667667608e+00 2.274983955745161666e+02
7.677677677677677615e+00 2.534189219867820384e+02
7.687687687687687621e+00 2.459483092958355996e+02
7.697697697697697627e+00 2.388609995484907529e+02
7.707707707707707634e+00 2.549494202942759102e+02
7.717717717717717640e+00 2.364464665020192058e+02
7.727727727727727647e+00 2.249801386911841519e+02
7.737737737737737653e+00 3.110118494207983417e+02
7.747747747747747660e+00 2.393861553436394161e+02
7.757757757757757666e+00 2.041307252419398139e+02
7.767767767767767673e+00 2.662691077934766781e+02
7.777777777777777679e+00 1.873911254062029741e+02
7.787787787787787686e+00 2.244271146354668645e+02
7.797797797797797692e+00 2.756803355344991360e+02
7.807807807807807698e+00 2.329137110627619620e+02
7.817817817817817705e+00 2.263915751704251988e+02
7.827827827827827711e+00 2.992268850677548357e+02
7.837837837837837718e+00 2.484136402686312692e+02
7.847847847847847724e+00 2.490851961711859417e+02
7.857857857857857731e+00 2.401476263157821336e+02
7.867867867867867737e+00 2.386408214155197527e+02
7.877877877877877744e+00 2.561442080780203696e+02
7.887887887887887750e+00 2.035040269961521631e+02
7.897897897897897757e+00 2.638748775086776277e+02
7.907907907907907763e+00 2.319926790606561440e+02
7.917917917917917769e+00 2.301605047687477850e+02
7.927927927927927776e+00 2.541189668043208201e+02
7.937937937937937782e+00 2.222887077075944831e+02
7.947947947947947789e+00 2.336665708026441735e+02
7.957957957957957795e+00 2.380912761098678345e+02
7.967967967967967802e+00 2.544380564089888423e+02
7.977977977977977808e+00 2.937646764630556504e+02
7.987987987987987815e+00 2.755503115754198120e+02
7.997997997997997821e+00 2.889545932415672951e+02
8.008008008008008716e+00 2.871472055963820367e+02
8.018018018018018722e+00 2.564683825395304666e+02
8.028028028028028729e+00 2.407720174543083829e+02
8.038038038038038735e+00 1.740592535066652715e+02
8.048048048048048742e+00 3.077788809046128904e+02
8.058058058058058748e+00 2.268291545510163019e+02
8.068068068068068754e+00 2.795521004681298223e+02
8.078078078078078761e+00 1.869978358090714039e+02
8.088088088088088767e+00 2.536220706462605392e+02
8.098098098098098774e+00 2.698059172913481234e+02
8.108108108108108780e+00 2.493673616974720630e+02
8.118118118118118787e+00 2.652904016024480143e+02
8.128128128128128793e+00 2.247216304119095014e+02
8.138138138138138800e+00 2.472180013855932543e+02
8.148148148148148806e+00 2.725453974855564070e+02
8.158158158158158813e+00 2.312928553655831365e+02
8.168168168168168819e+00 2.687067334324428316e+02
8.178178178178178825e+00 2.669034191014515045e+02
8.188188188188188832e+00 2.561062305364496865e+02
8.198198198198198838e+00 2.343615941529127156e+02
8.208208208208208845e+00 2.662113652275631352e+02
8.218218218218218851e+00 2.428603894079560348e+02
8.228228228228228858e+00 2.719574232556236666e+02
8.238238238238238864e+00 2.963187560146092210e+02
8.248248248248248871e+00 2.425764037313286394e+02
8.258258258258258877e+00 2.477876174444279798e+02
8.268268268268268884e+00 3.152891117454757364e+02
8.278278278278278890e+00 2.769078184663787852e+02
8.288288288288288896e+00 2.699039210000086086e+02
8.298298298298298903e+00 3.272902138620460164e+02
8.308308308308308909e+00 3.291341219903544584e+02
8.318318318318318916e+00 2.880477395310267639e+02
8.328328328328328922e+00 2.538335823714390642e+02
8.338338338338338929e+00 2.471314785525457012e+02
8.348348348348348935e+00 2.510369486141012771e+02
8.358358358358358942e+00 2.804105983355573812e+02
8.368368368368368948e+00 3.535360344750677086e+02
8.378378378378378954e+00 2.828150322727389039e+02
8.388388388388388961e+00 2.464201068967151400e+02
8.398398398398398967e+00 2.410878662110906419e+02
8.408408408408408974e+00 3.009960937945129444e+02
8.418418418418418980e+00 3.166808404183914831e+02
8.428428428428428987e+00 2.339620718363692333e+02
8.438438438438438993e+00 2.454130208077344832e+02
8.448448448448449000e+00 2.504000833667326731e+02
8.458458458458459006e+00 2.580317722504335620e+02
8.468468468468469013e+00 2.731404509669230833e+02
8.478478478478479019e+00 2.188001710983069472e+02
8.488488488488489025e+00 2.496126455836872822e+02
8.498498498498499032e+00 2.830553387907746696e+02
8.508508508508509038e+00 3.294614072915753127e+02
8.518518518518519045e+00 3.149434411907269009e+02
8.528528528528529051e+00 3.506487344087440192e+02
8.538538538538539058e+00 2.737281783311632353e+02
8.548548548548549064e+00 3.236366101206755275e+02
8.558558558558559071e+00 3.248689656363435461e+02
8.568568568568569077e+00 2.723525108830763770e+02
8.578578578578579084e+00 2.549243349673062085e+02
8.588588588588589090e+00 2.847258751704142128e+02
8.598598598598599096e+00 2.914772119521165905e+02
8.608608608608609103e+00 3.383737196345991833e+02
8.618618618618619109e+00 2.975962575338313627e+02
8.628628628628629116e+00 3.405497557662465056e+02
8.638638638638639122e+00 3.680288997206105819e+02
8.648648648648649129e+00 3.295748671080811505e+02
8.658658658658659135e+00 3.267252540344111935e+02
8.668668668668669142e+00 3.608763227689037194e+02
8.678678678678679148e+00 3.221000942991092870e+02
8.688688688688689155e+00 3.035476702784009717e+02
8.698698698698699161e+00 3.068316430637657390e+02
8.708708708708709167e+00 3.475120027087963308e+02
8.718718718718719174e+00 3.170232785107896802e+02
8.728728728728729180e+00 2.656358247205163821e+02
8.738738738738739187e+00 2.677588728198447257e+02
8.748748748748749193e+00 3.165197135965495363e+02
8.758758758758759200e+00 2.606515765310618917e+02
8.768768768768769206e+00 2.848730948086515582e+02
8.778778778778779213e+00 3.100946180797150191e+02
8.788788788788789219e+00 3.232112632454445134e+02
8.798798798798799226e+00 3.550590547042637013e+02
8.808808808808809232e+00 3.130858310010219157e+02
8.818818818818819238e+00 3.734029259725861607e+02
8.828828828828829245e+00 3.359202053469476255e+02
8.838838838838839251e+00 2.817658589357461665e+02
8.848848848848849258e+00 3.398290348679123554e+02
8.858858858858859264e+00 3.020428827837199606e+02
8.868868868868869271e+00 2.961600697231701247e+02
8.878878878878879277e+00 2.973261522283334557e+02
8.888888888888889284e+00 3.093753758852753322e+02
8.898898898898899290e+00 2.777652063779119658e+02
8.908908908908909297e+00 2.795745462798295762e+02
8.918918918918919303e+00 3.460878651775425396e+02
8.928928928928929309e+00 3.592861238265226120e+02
8.938938938938939316e+00 3.565933059284183742e+02
8.948948948948949322e+00 3.426245170003640510e+02
8.958958958958959329e+00 3.437084338947760216e+02
8.968968968968969335e+00 3.126956551930696833e+02
8.978978978978979342e+00 3.723746177818005094e+02
8.988988988988989348e+00 3.112335816391674257e+02
8.998998998998999355e+00 3.436250443990428494e+02
9.009009009009009361e+00 3.098116855242316774e+02
9.019019019019019368e+00 3.546621043086551595e+02
9.029029029029029374e+00 3.249525533491476494e+02
9.039039039039039380e+00 2.736569586832263212e+02
9.049049049049049387e+00 3.035571948015441421e+02
9.059059059059059393e+00 2.568627344996879742e+02
9.069069069069069400e+00 2.697245000477132635e+02
9.079079079079079406e+00 3.980786424188109436e+02
9.089089089089089413e+00 2.337848325230646651e+02
9.099099099099099419e+00 2.893291405857199265e+02
9.109109109109109426e+00 3.165247763342870826e+02
9.119119119119119432e+00 3.319450928543474220e+02
9.129129129129129439e+00 3.332417445053050642e+02
9.139139139139139445e+00 3.360123696359428891e+02
9.149149149149149451e+00 3.621060388286456373e+02
9.159159159159159458e+00 3.910540695365509691e+02
9.169169169169169464e+00 2.898628008445720070e+02
9.179179179179179471e+00 3.113899091874073406e+02
9.189189189189189477e+00 3.277984999814634079e+02
9.199199199199199484e+00 3.443933804731686905e+02
9.209209209209209490e+00 3.474616020151882481e+02
9.219219219219219497e+00 3.645670342337500074e+02
9.229229229229229503e+00 3.633526261234274557e+02
9.239239239239239510e+00 2.915711988256064728e+02
9.249249249249249516e+00 2.929844025147930324e+02
9.259259259259259522e+00 3.977835505036479731e+02
9.269269269269269529e+00 2.396754849339295390e+02
9.279279279279279535e+00 3.522869136275257915e+02
9.289289289289289542e+00 3.581537943665668990e+02
9.299299299299299548e+00 3.749660230376119898e+02
9.309309309309309555e+00 3.754828505413169637e+02
9.319319319319319561e+00 3.173598007404909822e+02
9.329329329329329568e+00 3.249317250356043019e+02
9.339339339339339574e+00 3.171841499874937540e+02
9.349349349349349581e+00 3.903692527681438378e+02
9.359359359359359587e+00 3.610722961650195089e+02
9.369369369369369593e+00 3.553685009878179244e+02
9.379379379379379600e+00 4.071647264283666345e+02
9.389389389389389606e+00 3.467733147624195453e+02
9.399399399399399613e+00 3.592918345423805135e+02
9.409409409409409619e+00 3.343547966214704843e+02
9.419419419419419626e+00 3.090401571107248628e+02
9.429429429429429632e+00 3.262878321537456259e+02
9.439439439439439639e+00 3.185113870442065718e+02
9.449449449449449645e+00 3.611513434561391023e+02
9.459459459459459651e+00 3.471611452490842566e+02
9.469469469469469658e+00 3.938636889279397337e+02
9.479479479479479664e+00 3.808994233530281690e+02
9.489489489489489671e+00 3.831932269323467040e+02
9.499499499499499677e+00 3.888515599107751655e+02
9.509509509509509684e+00 3.748033225395098498e+02
9.519519519519519690e+00 3.772291514823731973e+02
9.529529529529529697e+00 3.461004295480179849e+02
9.539539539539539703e+00 4.392432479027118575e+02
9.549549549549549710e+00 3.532742257008009688e+02
9.559559559559559716e+00 3.536440989083812383e+02
9.569569569569569722e+00 3.672550260001191305e+02
9.579579579579579729e+00 3.903623243216090373e+02
9.589589589589589735e+00 3.334389810398300256e+02
9.599599599599599742e+00 3.955536541232139598e+02
9.609609609609609748e+00 3.557706191780984000e+02
9.619619619619619755e+00 3.760329685918499081e+02
9.629629629629629761e+00 4.184050281278678085e+02
9.639639639639639768e+00 4.206331340537049641e+02
9.649649649649649774e+00 4.154336253255331144e+02
9.659659659659659781e+00 3.226529417808000630e+02
9.669669669669669787e+00 3.787053813669865576e+02
9.679679679679679793e+00 3.442036910394872962e+02
9.689689689689689800e+00 3.670199658092924437e+02
9.699699699699699806e+00 4.459691511528346837e+02
9.709709709709709813e+00 3.181894520812489304e+02
9.719719719719719819e+00 3.785692275919324175e+02
9.729729729729729826e+00 4.287714913587197429e+02
9.739739739739739832e+00 3.600246603826844307e+02
9.749749749749749839e+00 4.553684268820670127e+02
9.759759759759759845e+00 2.780128598988046065e+02
9.769769769769769852e+00 3.956330836569235316e+02
9.779779779779779858e+00 3.766177261944033035e+02
9.789789789789789864e+00 2.767117086673461586e+02
9.799799799799799871e+00 3.842031267830420234e+02
9.809809809809809877e+00 4.256101229144500735e+02
9.819819819819819884e+00 3.922035905851635675e+02
9.829829829829829890e+00 3.931671298959971637e+02
9.839839839839839897e+00 3.888290226108132401e+02
9.849849849849849903e+00 4.603972945838692112e+02
9.859859859859859910e+00 4.369192527998566220e+02
9.869869869869869916e+00 3.411240223750463088e+02
9.879879879879879923e+00 4.208630865072659617e+02
9.889889889889889929e+00 4.465521200858278803e+02
9.899899899899899935e+00 4.053179810733400359e+02
9.909909909909909942e+00 4.198228047398639546e+02
9.919919919919919948e+00 3.675564763801950789e+02
9.929929929929929955e+00 4.247515573308772332e+02
9.939939939939939961e+00 3.686272904646607458e+02
9.949949949949949968e+00 4.035798390534177997e+02
9.959959959959959974e+00 4.072916730370937444e+02
9.969969969969969981e+00 4.066553004391171839e+02
9.979979979979979987e+00 4.470279064375143321e+02
9.989989989989989994e+00 3.790541347500396228e+02
1.000000000000000000e+01 3.316559348960843181e+02
