-0.0562367
0.949963
1.72453
2.45154
3.10168
3.82388
4.01301
4.43619
4.56658
4.36826
4.19312
3.79393
3.30565
2.44196
1.54748
0.765063
-0.0805391
-0.874247
-1.83605
-2.60694
-3.3318
-3.76487
-4.05926
-4.29343
-4.39615
-4.4476
-4.21686
-3.58194
-3.05975
-2.59509
-1.71549
-0.745373
-0.0254006
0.874772
1.76828
2.68043
3.13034
3.70394
4.19538
4.3459
4.39967
4.40998
4.13014
3.65531
3.11128
2.38211
1.53104
0.691779
0.0322429
-0.858295
-1.79661
-2.4559
-3.12952
-3.65989
-4.26935
-4.29894
-4.56409
-4.2994
-4.03531
-3.6497
-3.1916
-2.301
-1.58501
-0.815775
0.0258219
0.953738
1.81914
2.71846
3.36055
3.85651
4.09244
4.55354
4.52274
4.39656
4.20593
3.53693
2.95287
2.48851
1.56067
0.660303
-0.102433
-1.0523
-2.00885
-2.65402
-3.22512
-3.7792
-4.1934
-4.51825
-4.36318
-4.40351
-4.12813
-3.5637
-2.90884
-2.46872
-1.47899
-0.617598
0.153401
1.17612
1.79005
2.61274
3.27789
4.0072
4.14104
4.48618
4.40899
4.33934
4.03941
3.70687
2.92954
2.36043
1.37837
0.595716
-0.395497
-1.16906
-1.87819
-2.66712
-3.36539
-4.0041
-4.12007
-4.51566
-4.34235
-4.44628
-4.06485
-3.52448
-2.83787
-2.25284
-1.43302
-0.461742
0.335549
1.18465
2.06324
2.6764
3.39479
3.81168
4.65813
4.66514
4.70084
4.77066
4.32775
3.83285
3.39917
2.66028
1.84246
0.812782
-0.115501
-0.965166
-1.62104
-2.5923
-3.09695
-3.49054
-4.02636
-4.31215
-4.05995
-4.13812
-3.75263
-3.09578
-2.65891
-1.97921
-1.09059
-0.35281
0.566389
1.50743
2.34748
2.99785
3.64497
4.28753
4.67649
4.82994
4.77764
4.66281
4.15175
3.72274
3.22972
2.39709
1.7983
0.900412
0.0355151
-0.857037
-1.6688
-2.5426
-3.06895
-3.51922
-3.99384
-4.27411
-4.30541
-3.87792
-3.7668
-3.12245
-2.64303
-1.83773
-1.06976
-0.304872
0.599738
1.46548
2.35282
3.10693
3.87435
4.25661
4.62188
4.847
4.89039
4.55044
4.11643
3.71569
3.23332
2.42707
1.49332
0.672895
-0.222418
-1.06236
-1.70168
-2.58827
-3.20429
-3.8124
-4.12641
-4.05922
-4.15848
-3.98957
-3.57305
-3.21306
-2.61959
-1.8969
-1.06131
-0.0943961
0.860638
1.52521
2.33226
3.29517
3.74626
4.29331
4.665
4.86413
4.76391
4.61154
4.19804
3.75339
3.21308
2.30427
1.62331
0.620439
-0.20679
-0.963516
-1.81324
-2.72766
-3.1837
-3.69126
-3.97033
-4.18458
-4.14809
-4.08122
-3.60042
-3.1624
-2.47379
-1.5918
-0.759162
-0.0247635
0.889995
1.60407
2.48837
3.15311
3.78698
4.25095
4.57971
4.89877
4.87042
4.47685
4.25584
3.82227
3.08273
2.38313
1.4032
0.645511
-0.20943
-1.27625
-1.95988
-2.6415
-3.21558
-3.60189
-4.09815
-4.22149
-4.04945
-3.80429
-3.54048
-3.20749
-2.53373
-1.60062
-0.826564
-0.0771643
0.910735
1.84188
2.56214
3.42769
3.99601
4.34984
4.55572
4.7728
4.73095
4.56725
4.16663
3.78439
2.9973
2.28745
1.28715
0.372142
-0.506974
-1.16929
-1.9046
-2.78534
-3.44277
-3.62825
-4.04615
-4.21916
-4.20303
-3.84929
-3.42027
-2.90249
-2.47869
-1.60073
-0.665593
0.00173715
1.12599
1.88093
2.61888
3.25573
3.9477
4.38988
4.73083
4.81251
4.8025
4.45953
4.02923
3.43836
2.98032
2.06897
1.23504
0.478255
-0.456321
-1.36576
-1.93809
-2.79732
-3.38533
-3.92973
-4.14781
-4.28067
-4.17163
-3.86344
-3.61694
-3.01402
-2.20555
-1.59021
-0.545015
0.217658
1.15911
1.80178
2.64405
3.55398
4.08219
4.3929
4.67801
4.76016
4.72311
4.44683
4.06671
3.56175
2.9983
2.20709
1.32187
0.363987
-0.635735
-1.36324
-2.05992
-2.75207
-3.50468
-3.85362
-4.18158
-4.05455
-4.04607
-3.87272
-3.56408
-2.83536
-2.11893
-1.40556
-0.48524
0.116857
1.15789
2.11331
2.73756
3.44213
3.89116
4.42322
4.79359
4.78113
4.69181
4.42136
4.10124
3.36573
2.92108
2.00222
1.05067
0.393326

